100
0 287388 52281 316839 858613 339999 231975 607442 503305 889181 824672 135528 259042 946424 934189 629973 755732 546812 260755 615796 279066 518756 413389 839137 148023 817305 55206 944429 691936 615347 566073 710687 902734 618353 27525 761346 958351 775851 885139 978007 665031 709810 629886 440425 656233 564075 70397 928317 627238 847504 60464 422656 882611 473853 261792 30633 807509 833349 491413 499444 448695 57485 726482 351428 192189 270358 629126 666891 46208 514264 644897 227591 224074 791135 668015 396658 871561 254763 841326 498798 102266 901790 437805 984877 891994 699597 531861 699502 532945 23274 715298 497992 80758 441779 365771 272947 228489 994896 456189 274696
287388 0 25512 101086 18638 765937 408572 686652 678946 280132 941415 520272 295281 43680 938413 733086 544908 830406 949034 76769 46259 998330 100042 761556 496321 697151 719687 862092 486449 464527 373339 942638 739222 398850 560075 274212 164786 968646 960863 360084 765129 902277 880355 576761 462309 335119 309846 7216 681876 775231 83984 728134 773561 700377 6042 269881 913880 242080 648324 400328 706606 21663 859317 962179 936864 419391 236390 101650 904388 197253 978085 185868 615881 858439 762629 594541 709909 588826 601757 391784 364057 202092 119917 653969 418821 642310 440201 332700 884389 88525 249379 590994 626539 108696 553173 563402 44438 789562 181403 948826
52281 25512 0 503166 159487 651045 635399 534277 413673 229939 244185 518851 831695 635968 399259 550139 272237 53227 968959 914546 493427 818010 798935 98303 67388 906280 724841 176083 975804 288243 220521 281718 985997 685698 784883 145484 336742 420281 679760 266767 166572 440297 301969 514618 592616 701227 64756 864852 754453 550066 295750 764231 368075 611036 862534 435463 517315 587374 127897 493119 391968 348417 774836 377965 550466 76070 39800 403560 12703 235911 670326 179274 676207 972294 693891 268823 673520 274999 650026 944324 825064 945775 224906 193139 556810 87439 144953 74125 191165 272849 83595 99484 137618 858430 477448 688083 450851 517247 91642 463553
316839 101086 503166 0 753158 761967 159178 945716 250612 369421 214538 440483 644419 380916 384806 469482 326690 609712 178972 883500 213502 323924 473976 404666 596773 557570 20502 734390 932351 497949 938824 383201 531548 30466 363106 801057 308784 38635 263124 559396 408055 994014 516230 52473 374929 417388 38307 701618 543451 217278 101469 756952 57554 575444 677970 170678 649365 698471 905067 98067 712771 360242 997620 760670 390707 360725 78078 215843 915711 341202 291590 323766 335215 807819 892590 710143 225206 930896 928112 768656 664526 29581 41960 722079 121376 719929 892756 287093 934751 314174 385159 163873 674415 382778 924543 581474 743502 2620 797316 659213
858613 18638 159487 753158 0 343821 88905 499330 195387 896723 391919 905529 638281 322815 349993 923288 987340 895925 965247 225770 17300 201527 118525 304392 136277 949050 205903 300150 139816 588680 741044 721289 848534 743663 518604 24098 603836 123860 523427 799222 536935 915345 221103 175215 754511 571095 98502 258202 467019 580101 323 670 781627 118847 821414 434256 584248 27316 734405 724064 615995 475448 445352 464528 735462 480308 488625 339297 120519 12051 138519 657453 443748 359621 349019 714610 930715 963873 972812 914085 543973 973134 914754 841951 608333 736167 276206 708932 279834 526962 432995 895829 518761 394699 360356 254223 875006 365333 109871 511876
339999 765937 651045 761967 343821 0 377383 248389 169329 337482 124361 518347 52092 571427 998571 541255 485511 542543 30740 916617 384494 639072 169135 177051 348004 448969 704013 297350 344797 222773 692048 221504 993347 83405 586836 103218 595281 480571 867958 280961 334404 992319 315659 386495 563745 314230 927749 565608 856772 958489 482224 757617 113912 651358 934668 978267 616678 155032 275617 961474 894156 484016 699330 887503 83773 286165 507072 195405 283087 375029 476365 617491 367347 792023 3985 447444 106252 448086 13051 479376 922926 11626 753344 553189 179335 204363 47808 796013 359394 839776 273838 253550 323791 973167 657404 923915 775684 164475 119319 58770
231975 408572 635399 159178 88905 377383 0 539503 595683 192612 423202 904058 196597 870645 10309 161034 400047 6036 600311 411672 759380 669851 591006 963742 717658 903370 839488 557433 177208 609389 397576 666726 266792 321490 442409 947618 440809 17531 487120 552843 210142 426673 456900 923090 813669 467209 600475 213715 989596 200785 625386 748975 386988 732744 229069 104645 636113 68556 178430 329672 677944 576005 996398 944735 897494 955158 892352 854654 972688 895823 407497 699182 838848 864396 622271 652516 847956 222746 866231 837552 939882 7968 586526 326869 257063 815594 947866 409528 400501 126295 739199 78444 702299 251948 539530 116144 207106 948233 970798 696145
607442 686652 534277 945716 499330 248389 539503 0 360408 378294 395326 199255 759041 533949 851770 606997 273046 234352 444548 212927 758672 547425 56148 15734 879371 4013 425261 279871 646659 164460 358315 348957 932759 414196 981452 656216 362429 952249 352361 239188 846894 264038 438442 605935 314338 806563 729283 587383 40915 173830 800310 315938 237606 372809 331671 116976 376821 756932 396847 23479 437743 271513 888787 370501 202060 870238 543069 564488 338839 411781 803675 702084 675818 758468 308018 506508 565031 553652 93890 122297 727481 410551 438234 481439 783359 286256 598414 676531 43187 511612 216361 997281 783124 621499 884134 985184 8089 427202 66023 346927
503305 678946 413673 250612 195387 169329 595683 360408 0 838982 386050 49010 31151 144517 873380 537658 225899 427031 147900 864547 670864 558450 819132 668654 341809 105388 267067 534691 664926 778679 751052 178559 78154 372550 62692 579689 380638 6245 162064 243916 361578 548113 809278 909080 208981 199009 446738 951232 142391 594637 332130 329606 669438 151262 998259 527598 773001 265326 62289 954278 560356 329692 649188 154861 218593 228231 734550 115583 234475 896613 359498 112404 961077 685127 21484 686409 884135 984573 153992 26526 579209 486122 356131 764998 153735 354390 292596 443087 136067 871236 913716 696422 200927 562904 851282 935871 791134 102183 51453 541961
889181 280132 229939 369421 896723 337482 192612 378294 838982 0 515147 927303 654364 476223 612429 675847 678984 496564 176771 832975 39441 272331 319096 911923 37329 989182 266312 846276 432268 918730 717511 345984 615151 434789 425239 982785 370659 216372 84967 938464 274684 600114 865766 929048 592688 994546 121246 788023 7461 298017 620998 563253 570347 456445 475176 124027 445627 741487 970302 394246 660217 687812 256581 791719 638952 681819 774503 525963 414543 375822 464426 689226 492287 846543 618273 601326 357440 255871 389349 364901 70239 10346 928153 640585 983142 403328 764612 428768 661167 734913 339366 837735 939077 595946 145805 578028 794117 436660 103990 208659
824672 941415 244185 214538 391919 124361 423202 395326 386050 515147 0 812481 84767 897884 821119 931309 32509 422444 288749 288379 811792 170001 358617 338489 614505 515553 321631 534185 796516 266750 711703 47781 606115 549437 503209 718413 211593 81236 512529 648252 701578 721187 977084 786344 135422 798202 234005 167930 736998 39105 972660 548789 209105 847628 887278 823609 879533 208908 874145 676048 475657 585847 240180 598124 651635 743388 316536 863228 824624 345416 27831 42553 582954 4915 828896 718375 319468 579252 402657 56465 618356 375316 121606 827460 739296 8883 167421 618828 734142 41565 294875 726150 143764 51407 840625 795398 794794 157160 174977 135769
135528 520272 518851 440483 905529 518347 904058 199255 49010 927303 812481 0 18927 202808 178321 601880 724074 523569 836607 43541 102820 239263 616358 721176 130930 737963 64987 870225 263197 748759 489052 513690 306676 300279 756191 450439 868037 596816 762188 662830 270327 937165 314951 289254 139972 9623 407485 864045 533191 244091 423937 152363 999705 556646 389890 646987 810960 971228 517211 590508 236339 522615 104197 543014 339245 860388 509804 207281 457203 271991 386462 243881 209155 701412 533134 865478 711035 940619 245874 760577 701061 186163 429291 217118 742808 335532 864104 553768 306760 897666 144275 543098 420280 764824 602463 275876 141563 112266 483156 115117
259042 295281 831695 644419 638281 52092 196597 759041 31151 654364 84767 18927 0 384256 869618 358997 109763 87381 892131 491592 314767 349101 737466 75344 566513 923628 504634 783630 182787 356518 164085 736554 663277 61751 397181 722726 998382 678356 325188 274258 819918 437453 273765 451386 338060 659734 810382 447822 747115 218864 939414 61881 84316 193231 653576 650829 116858 674562 950810 815996 31079 114895 552550 210707 692997 466082 933432 691378 144437 258619 965635 480706 212423 755752 932091 550482 415485 258824 514656 162599 994040 970421 740832 78355 163651 394407 245535 796860 585320 712697 612855 616398 343943 681756 827104 36939 664189 760535 728316 324977
946424 43680 635968 380916 322815 571427 870645 533949 144517 476223 897884 202808 384256 0 535505 210303 805682 747927 966054 254124 814761 897890 29300 845768 576841 23339 816188 317672 618045 496190 228430 863580 293049 813750 92628 422255 430147 436570 104011 773603 473508 284551 50489 718175 609528 102346 444829 931561 366624 410882 185685 181384 825124 731336 27151 401964 271026 359690 719635 889070 855879 464416 269001 665279 278165 361628 87534 224664 798197 707896 514618 788056 992446 565106 506231 601973 667451 951059 533534 34075 878293 235570 731810 703416 483257 275313 105379 754282 635002 341365 643351 7233 322132 912352 672511 600297 790331 760044 341312 588528
934189 938413 399259 384806 349993 998571 10309 851770 873380 612429 821119 178321 869618 535505 0 984291 855929 892935 493089 937386 399165 95061 121189 350224 144946 671615 744868 896867 403424 964635 380123 195088 70013 134404 346442 927729 294107 353674 249860 722810 26184 366508 513140 302580 224171 618019 286870 596451 510954 296310 533837 426470 907723 171377 293045 52668 842991 37912 465887 762766 2546 362361 957854 588910 13117 820647 32990 307223 174320 799202 30032 716855 165709 59523 19434 906232 677542 822656 502682 704847 118965 552870 131316 26687 724246 424361 595707 567236 978624 577945 846354 981170 940305 320559 570079 953421 141205 119421 260643 831876
629973 733086 550139 469482 923288 541255 161034 606997 537658 675847 931309 601880 358997 210303 984291 0 918622 807026 548730 600682 866549 84516 506913 60442 907171 9595 281640 542487 562464 412955 85526 286710 353667 681232 370297 332291 775528 733002 829812 715832 53560 399890 669253 711116 35662 446247 542991 954283 769625 91721 554965 152525 176236 61877 729318 599758 71471 10957 658596 150287 940263 744121 436996 293930 941704 323644 142572 717231 56646 972383 949415 110205 888624 135019 337673 924286 97617 880663 394920 867241 488735 949884 536117 181322 528113 265434 297431 115935 276390 956027 266221 733005 216499 703216 543286 158203 543212 685857 391785 599857
755732 544908 272237 326690 987340 485511 400047 273046 225899 678984 32509 724074 109763 805682 855929 918622 0 174591 341199 226413 63214 992569 564085 503851 90186 961100 898771 473778 449834 365006 9895 147508 893118 275328 444938 9053 68070 400964 275273 801074 617463 494841 344359 292017 38052 30215 200153 154260 204805 541352 897024 784370 50272 461109 288221 140457 938560 703343 614235 904745 68348 624129 52252 961466 899456 497190 970518 967525 414505 245790 284950 548319 256982 629308 356687 295033 175874 556840 965644 897030 614543 862668 681400 664814 323776 485972 805271 778687 189314 419505 683431 257661 559985 252035 219126 975792 749224 189643 459669 680080
546812 830406 53227 609712 895925 542543 6036 234352 427031 496564 422444 523569 87381 747927 892935 807026 174591 0 951785 744618 744751 208766 373926 101437 20151 66151 658276 985794 963181 272818 848461 644580 937632 688588 130551 742902 467274 836216 678758 667057 93876 238742 919091 313002 730885 184666 18996 190553 381097 487132 935171 125847 695898 825448 227284 716048 891598 885559 218193 371130 158377 66654 15709 612360 755241 662611 871613 738867 15178 550370 405923 109054 305463 841365 938407 36347 26030 957402 743252 407126 960886 678422 532973 656783 20221 760256 889182 911818 162166 107374 282948 836894 690379 815008 449253 445620 993971 320865 700838 9148
260755 949034 968959 178972 965247 30740 600311 444548 147900 176771 288749 836607 892131 966054 493089 548730 341199 951785 0 387586 623112 118201 209400 464476 572959 245747 490505 46713 988998 413982 7598 183771 463306 664380 203991 223561 69913 632160 902079 693638 431459 738972 384017 246467 704577 345988 756789 25441 46825 765936 929379 669936 400489 138778 650763 489799 900876 141267 536511 406225 71600 544108 589995 534906 724839 310337 274818 311103 942497 176896 4741 890307 432220 905109 136773 136796 251096 409913 678588 814272 692201 607966 559 609041 746744 651321 98839 163971 308939 635350 570196 380538 695809 676542 915443 420648 986879 190261 731750 445727
615796 76769 914546 883500 225770 916617 411672 212927 864547 832975 288379 43541 491592 254124 937386 600682 226413 744618 387586 0 367156 252842 852385 799375 157950 989158 452522 409045 915422 131110 739668 607622 739075 740226 216662 2170 391546 315501 166141 700484 467202 252688 597374 163010 929229 512816 583657 432459 703076 831759 394537 586584 84600 246922 902310 242550 752431 354832 167946 667852 485941 907614 275474 741367 647839 8487 743537 555737 840339 426029 772572 307540 678716 369945 470550 607944 882761 570558 556755 102188 918668 951291 688771 3268 714564 107433 762169 466994 462264 930114 651198 464556 354079 443023 722274 518270 451509 465810 74006 291848
279066 46259 493427 213502 17300 384494 759380 758672 670864 39441 811792 102820 314767 814761 399165 866549 63214 744751 623112 367156 0 408190 362929 115739 86905 732874 102640 211201 131986 189550 284307 750525 108217 751949 955648 627836 466513 63080 390004 449858 41695 836470 101055 506250 190548 544077 228523 708817 511938 210685 299174 320137 135226 662103 435875 738483 911328 54867 949683 559665 244416 750341 310189 352632 502289 782188 496820 485153 845267 886823 935011 886961 239644 36065 909562 430192 96494 138085 655360 608431 865121 470886 928567 346 649340 364441 738828 560667 419307 204862 636683 180074 955202 463223 49058 973843 245411 545877 458995 607029
518756 998330 818010 323924 201527 639072 669851 547425 558450 272331 170001 239263 349101 897890 95061 84516 992569 208766 118201 252842 408190 0 949051 394005 493990 188695 946422 403551 135238 42915 57987 306949 651345 923107 777834 579911 439805 427173 460703 694984 504191 396362 899846 657225 576435 371399 636800 141844 345241 882210 687720 320588 5590 153123 714592 499579 858169 661013 419482 509758 220279 477468 816706 871623 916927 110892 451533 873083 54416 428588 568066 74959 824949 467911 732183 917735 355662 368982 59579 700902 767543 263650 537841 773133 416772 252433 789063 274940 429797 208544 784697 650076 202364 117755 38050 635642 228646 5935 508724 283061
413389 100042 798935 473976 118525 169135 591006 56148 819132 319096 358617 616358 737466 29300 121189 506913 564085 373926 209400 852385 362929 949051 0 434522 76789 874371 775822 544700 606554 693556 900361 491887 269486 117614 775782 533136 655455 65266 949907 424239 370680 741199 370387 579224 42247 536814 297939 160001 574864 933580 904998 580798 442303 704411 531671 519091 578781 307492 580142 701686 517399 480502 709925 786885 114468 485706 836372 286274 67323 302630 710512 438002 43828 80898 533577 86075 617712 831515 762427 708927 281446 667425 806076 723748 371835 337746 759191 950615 161589 339332 168653 678987 336186 878577 465871 450653 880634 818594 736926 947956
839137 761556 98303 404666 304392 177051 963742 15734 668654 911923 338489 721176 75344 845768 350224 60442 503851 101437 464476 799375 115739 394005 434522 0 121224 963789 902309 681403 561038 952238 767477 695101 783752 46256 404027 581550 713680 210102 821649 601866 64199 580839 552480 225787 920171 721132 904774 772708 116060 886996 739712 996693 705590 476637 461000 343165 956777 363309 24567 517814 315546 792044 212915 615649 354651 133293 197198 68330 343395 18847 670195 407593 116037 739026 149732 36207 976510 54505 325266 92569 457852 64977 605614 163441 57965 66613 506605 14741 429921 531172 532555 261818 839567 261821 877467 194217 395113 591016 778898 254859
148023 496321 67388 596773 136277 348004 717658 879371 341809 37329 614505 130930 566513 576841 144946 907171 90186 20151 572959 157950 86905 493990 76789 121224 0 126214 965444 178804 242251 220821 328535 794809 713682 383039 120075 806251 840890 185051 411864 520683 243016 994828 543639 774108 424749 591162 823014 202918 947080 84834 80384 657648 996299 187752 436545 251157 313965 918340 429960 72567 139161 758494 867376 852842 657884 503802 175444 15126 205204 103659 52160 964571 98487 595798 738679 39587 703312 561692 242504 650391 162878 839240 824391 159176 26991 777287 926684 857307 695627 356644 446226 351139 631489 829953 720332 289373 333754 895776 820850 538957
817305 697151 906280 557570 949050 448969 903370 4013 105388 989182 515553 737963 923628 23339 671615 9595 961100 66151 245747 989158 732874 188695 874371 963789 126214 0 515786 873009 19880 130624 985158 758558 686562 688469 836601 929066 855212 515830 284657 679602 675005 827999 973240 118041 685305 668866 474684 131530 536356 622524 477834 256688 911896 811587 668815 732745 866896 700952 122105 886775 831576 107263 161684 518137 312083 514636 963554 683646 30466 248210 879599 221822 76208 852839 339862 277865 521704 330897 925746 58060 953421 403580 831099 381668 731518 499913 114413 114765 200864 752869 517891 548791 860131 679574 66928 688566 710562 30481 372211 741027
55206 719687 724841 20502 205903 704013 839488 425261 267067 266312 321631 64987 504634 816188 744868 281640 898771 658276 490505 452522 102640 946422 775822 902309 965444 515786 0 795043 251810 479200 871250 104648 819062 665466 142703 666310 591212 717114 619730 511143 548212 1398 242660 564476 632162 357425 765340 385030 875315 314130 761513 71241 897409 450078 781802 927890 338640 522828 239284 106801 518379 626885 211448 337440 292351 870503 3750 399914 587616 139831 911056 652180 141228 153715 216655 289741 27491 981994 191123 902806 812476 952635 974046 709884 919064 272199 154125 257703 311378 393408 364504 829756 20293 92303 683548 828995 479157 203649 228908 66773
944429 862092 176083 734390 300150 297350 557433 279871 534691 846276 534185 870225 783630 317672 896867 542487 473778 985794 46713 409045 211201 403551 544700 681403 178804 873009 795043 0 343479 139963 718952 1059 810029 935606 290799 837520 433952 481921 740325 246427 950907 230722 956310 869970 502920 626787 644025 330649 20194 524880 160404 556838 133534 843951 902184 612691 47599 131091 195815 907430 271053 431118 908488 81082 366723 199286 434953 317026 197559 175277 563452 664817 922350 36114 51139 941621 179252 211515 272269 715797 252746 432672 272635 386279 792975 174818 515321 356925 822261 711135 264354 609665 142252 172841 207098 25327 888479 642050 858704 602389
691936 486449 975804 932351 139816 344797 177208 646659 664926 432268 796516 263197 182787 618045 403424 562464 449834 963181 988998 915422 131986 135238 606554 561038 242251 19880 251810 343479 0 817326 938508 267205 256027 974621 318343 197647 670224 46209 986267 386020 298954 935291 175006 685233 728265 349824 716905 85189 688436 944392 865895 298100 602995 38735 505198 628321 443565 147247 3377 45953 480925 941884 829510 736951 432856 664204 450950 103079 710413 437216 489098 9366 372506 664104 210950 100770 530279 927855 702311 218714 872246 568205 516813 475240 123291 22010 619913 566856 685609 623289 129160 166533 565172 958669 903483 514379 622873 354432 617457 849637
615347 464527 288243 497949 588680 222773 609389 164460 778679 918730 266750 748759 356518 496190 964635 412955 365006 272818 413982 131110 189550 42915 693556 952238 220821 130624 479200 139963 817326 0 791648 622906 859002 680505 287009 69952 297627 333639 997806 999937 552352 386403 84493 585517 377994 724135 123878 997906 807342 809486 137546 452854 976018 219069 411522 395853 733447 550746 266636 867255 400382 574635 490161 775736 255140 293521 845687 552766 627160 359844 69054 695863 262598 669898 281379 640591 394032 405257 638497 717726 731094 292394 170579 223464 511463 98452 619316 761261 165550 402303 628516 565931 976938 118676 858018 232077 928548 220056 301194 555707
566073 373339 220521 938824 741044 692048 397576 358315 751052 717511 711703 489052 164085 228430 380123 85526 9895 848461 7598 739668 284307 57987 900361 767477 328535 985158 871250 718952 938508 791648 0 579899 370247 251570 842496 556496 49300 999439 466879 970908 637935 184604 702002 446680 355182 441817 958142 969986 61132 719403 135535 463434 864270 217817 956723 982945 75835 705151 911492 295890 6344 983551 392141 892942 751472 750988 965789 800771 750426 432668 771679 904712 617271 990032 351392 488805 431848 825885 975142 9331 61639 110676 989116 925908 328492 945839 908852 920678 167341 336696 216568 173685 836598 125060 582978 588069 876047 548767 388839 142825
710687 942638 281718 383201 721289 221504 666726 348957 178559 345984 47781 513690 736554 863580 195088 286710 147508 644580 183771 607622 750525 306949 491887 695101 794809 758558 104648 1059 267205 622906 579899 0 497786 676869 47536 631408 183252 915279 120212 615099 741164 611705 140781 319154 722380 129897 245062 567224 592087 670265 487901 759427 6960 220820 449463 359909 345879 548793 947977 738278 613911 853168 881102 111696 530036 444989 743103 229640 876620 379667 844738 134135 991371 501871 453288 713751 148119 698349 797326 740205 368614 285226 15983 891925 22398 981798 251834 368276 530590 199810 622905 144500 52977 504006 256195 99365 465347 515649 329004 341966
902734 739222 985997 531548 848534 993347 266792 932759 78154 615151 606115 306676 663277 293049 70013 353667 893118 937632 463306 739075 108217 651345 269486 783752 713682 686562 819062 810029 256027 859002 370247 497786 0 895315 690093 476100 403038 708315 445739 116788 856433 144088 430465 112989 29053 715690 128972 920977 738087 110769 689162 622715 641358 405324 245619 302209 974652 265977 74755 74016 731323 590403 919371 589640 485718 125816 582091 888755 834130 27829 521894 690563 688268 952358 803551 717320 184399 448874 154649 438838 75994 843810 61552 233703 249133 823522 535911 740137 89498 610665 814152 337172 201068 249875 443163 203137 375690 25253 608243 209819
618353 398850 685698 30466 743663 83405 321490 414196 372550 434789 549437 300279 61751 813750 134404 681232 275328 688588 664380 740226 751949 923107 117614 46256 383039 688469 665466 935606 974621 680505 251570 676869 895315 0 569434 646488 416733 257701 115197 220284 491373 299595 185509 646021 254784 261503 6182 316335 495205 771667 656209 31116 511803 262058 641780 842306 599230 359199 92180 42392 78687 467869 583997 686929 194040 669782 333416 610772 927482 448612 347407 418854 264559 532916 581226 519342 794418 587408 352029 289622 359074 8237 320737 870876 270294 478869 713181 385875 354419 321713 944619 433106 305933 44967 120034 499972 714748 969802 627096 642229
27525 560075 784883 363106 518604 586836 442409 981452 62692 425239 503209 756191 397181 92628 346442 370297 444938 130551 203991 216662 955648 777834 775782 404027 120075 836601 142703 290799 318343 287009 842496 47536 690093 569434 0 934765 974502 577435 199323 507417 158660 235017 818186 262419 587045 107808 621492 111633 944896 8719 898278 940116 238252 284153 810887 559964 228771 243992 382248 273737 880377 398572 504836 366530 25667 147064 301295 516520 240850 16969 540289 915862 251985 358474 178280 355381 982633 316124 467013 443881 324842 365291 900348 563093 649443 711234 639408 394565 955225 538008 184653 351954 936579 689488 718483 478597 352903 19777 511468 110105
761346 274212 145484 801057 24098 103218 947618 656216 579689 982785 718413 450439 722726 422255 927729 332291 9053 742902 223561 2170 627836 579911 533136 581550 806251 929066 666310 837520 197647 69952 556496 631408 476100 646488 934765 0 36746 51756 25966 288730 926582 204245 160463 425566 36720 627475 869446 361562 992765 769794 441006 158559 481027 596766 69475 952604 134773 770479 304557 587703 976318 23039 582651 845573 559168 94118 955677 595913 662226 497994 400994 588807 218590 561456 530724 255310 705283 916522 133223 698047 686315 574228 372958 683693 687345 958784 152648 338469 245615 457204 442523 221932 996595 25173 583856 555762 119291 539532 668026 297868
958351 164786 336742 308784 603836 595281 440809 362429 380638 370659 211593 868037 998382 430147 294107 775528 68070 467274 69913 391546 466513 439805 655455 713680 840890 855212 591212 433952 670224 297627 49300 183252 403038 416733 974502 36746 0 553877 69019 403026 772467 146827 933749 27776 852109 850270 160998 66507 52936 251577 955816 252981 455274 430952 405628 793742 676566 379184 236265 898497 892130 777789 998705 447891 413431 538236 115916 711298 608465 701286 114323 380931 364464 564424 925058 732924 931045 602407 799431 983981 370335 271598 753313 825608 702549 675292 135702 379114 54475 371966 793963 946604 149754 792667 910846 563185 847254 543113 790834 455718
775851 968646 420281 38635 123860 480571 17531 952249 6245 216372 81236 596816 678356 436570 353674 733002 400964 836216 632160 315501 63080 427173 65266 210102 185051 515830 717114 481921 46209 333639 999439 915279 708315 257701 577435 51756 553877 0 760751 421509 353000 125214 985932 278057 858138 916976 396815 173920 417308 767150 445517 170620 592757 664418 845912 728458 43531 416738 616775 353845 879694 282881 146511 790539 362417 510117 850004 669602 965834 127106 91110 835186 252319 77041 113242 626808 510369 26409 317079 927676 793558 278948 98296 902666 943365 460559 147476 503247 877296 280602 857092 273341 563482 519954 580232 442250 30070 430235 111852 512256
885139 960863 679760 263124 523427 867958 487120 352361 162064 84967 512529 762188 325188 104011 249860 829812 275273 678758 902079 166141 390004 460703 949907 821649 411864 284657 619730 740325 986267 997806 466879 120212 445739 115197 199323 25966 69019 760751 0 557340 202961 347441 326010 796354 977034 469170 306722 3442 302600 750749 796999 581547 849044 216017 41263 825954 363492 60862 219602 644093 917953 492942 723927 954258 73173 166176 500680 503407 794379 12935 577098 513692 876727 419460 310045 370112 404981 133118 373554 707580 883866 686904 805479 249262 902920 846741 75215 782763 423954 811168 943208 858258 304110 667134 812516 377282 349661 313195 397041 660392
978007 360084 266767 559396 799222 280961 552843 239188 243916 938464 648252 662830 274258 773603 722810 715832 801074 667057 693638 700484 449858 694984 424239 601866 520683 679602 511143 246427 386020 999937 970908 615099 116788 220284 507417 288730 403026 421509 557340 0 842481 490490 174083 719207 909949 479 89318 314929 133596 979223 538861 17461 182479 344339 783074 601750 707431 374641 384513 131385 185808 327720 989642 489917 511205 318509 383551 377217 148055 780591 37608 990535 787432 728042 226093 213733 728520 831763 45013 378467 810985 583873 395928 509815 444563 695353 111565 151994 69993 496077 799730 255801 340148 305723 262069 367704 624232 645619 744920 772286
665031 765129 166572 408055 536935 334404 210142 846894 361578 274684 701578 270327 819918 473508 26184 53560 617463 93876 431459 467202 41695 504191 370680 64199 243016 675005 548212 950907 298954 552352 637935 741164 856433 491373 158660 926582 772467 353000 202961 842481 0 942561 298880 279173 729993 26921 505265 943725 271793 853379 988737 650259 180716 88962 562538 690530 533524 257891 802094 201869 327883 298170 1598 100035 154669 823673 362104 522372 447904 7722 267292 736541 950283 82523 532065 680275 109443 37330 140351 381235 407060 129087 547846 587775 218048 110383 278305 267924 368273 80398 469792 212508 894920 471390 312542 49588 295062 674645 571960 259317
709810 902277 440297 994014 915345 992319 426673 264038 548113 600114 721187 937165 437453 284551 366508 399890 494841 238742 738972 252688 836470 396362 741199 580839 994828 827999 1398 230722 935291 386403 184604 611705 144088 299595 235017 204245 146827 125214 347441 490490 942561 0 198719 355603 512209 149001 954477 44274 345627 63919 597955 2329 961506 5014 131415 509351 109141 865815 136085 387445 133738 504358 467842 603529 716865 879113 591270 545758 928701 402683 220403 17012 178351 935473 888966 206912 84473 843442 767537 946451 423712 365491 948779 901569 886856 596545 927271 995996 978711 63356 899792 628800 84065 883986 748681 800929 763098 339950 863038 691798
629886 880355 301969 516230 221103 315659 456900 438442 809278 865766 977084 314951 273765 50489 513140 669253 344359 919091 384017 597374 101055 899846 370387 552480 543639 973240 242660 956310 175006 84493 702002 140781 430465 185509 818186 160463 933749 985932 326010 174083 298880 198719 0 258985 599792 225161 953687 535264 630478 160598 136088 473919 928134 82538 413983 809976 547668 315551 213184 660565 242822 725531 639275 822529 625323 268075 906593 509308 16755 223873 272405 873056 86910 480555 132040 686702 705715 602079 738317 336193 762676 874405 326463 690810 473294 740445 17137 20962 572348 230320 681526 331521 955851 320800 154049 97525 105226 60641 606832 638332
440425 576761 514618 52473 175215 386495 923090 605935 909080 929048 786344 289254 451386 718175 302580 711116 292017 313002 246467 163010 506250 657225 579224 225787 774108 118041 564476 869970 685233 585517 446680 319154 112989 646021 262419 425566 27776 278057 796354 719207 279173 355603 258985 0 800865 879236 511388 887774 876142 159779 90827 98209 761857 829144 950753 524533 703548 277215 731694 176841 534012 265182 714154 106359 11854 912031 954231 967704 749183 108279 65228 854408 685271 188411 492740 486135 583998 520479 890260 460140 680257 981087 558348 958466 810230 509100 999350 30129 302666 247395 723321 836677 512576 953827 459387 524429 865857 413617 8484 615039
656233 462309 592616 374929 754511 563745 813669 314338 208981 592688 135422 139972 338060 609528 224171 35662 38052 730885 704577 929229 190548 576435 42247 920171 424749 685305 632162 502920 728265 377994 355182 722380 29053 254784 587045 36720 852109 858138 977034 909949 729993 512209 599792 800865 0 38247 590063 985799 723517 778473 994890 209651 362471 515368 99911 338962 711976 597349 897309 670441 923930 922760 669790 954058 225425 433536 193730 578454 946112 147556 37840 986892 529765 967809 995376 144803 6055 585438 646953 729572 880263 641842 455574 759085 157209 71836 98046 869185 185536 511706 55977 109465 434465 242119 579874 659889 675654 289956 238342 621765
564075 335119 701227 417388 571095 314230 467209 806563 199009 994546 798202 9623 659734 102346 618019 446247 30215 184666 345988 512816 544077 371399 536814 721132 591162 668866 357425 626787 349824 724135 441817 129897 715690 261503 107808 627475 850270 916976 469170 479 26921 149001 225161 879236 38247 0 437511 792534 125009 967275 276694 120384 628430 282748 222173 275382 528671 618787 917224 500597 377871 590784 88784 992268 976320 274320 503973 32297 900136 938437 274415 480010 114678 950068 286317 869371 88185 723827 661904 213193 207454 938597 849928 352235 737697 588452 143968 266367 207239 577543 283315 101461 168327 372099 93729 660998 162770 597701 693294 62905
70397 309846 64756 38307 98502 927749 600475 729283 446738 121246 234005 407485 810382 444829 286870 542991 200153 18996 756789 583657 228523 636800 297939 904774 823014 474684 765340 644025 716905 123878 958142 245062 128972 6182 621492 869446 160998 396815 306722 89318 505265 954477 953687 511388 590063 437511 0 52490 484060 59266 167167 950480 345582 36537 38664 585761 214793 768208 309566 669741 618135 661800 407437 722938 805767 190156 930176 899662 473470 547989 67988 845568 641717 245337 524689 755769 938631 587594 324610 422690 646859 8128 373169 508793 561017 928184 94553 775809 212743 920470 961901 347229 582269 369338 70167 904387 559493 516694 320400 549314
928317 7216 864852 701618 258202 565608 213715 587383 951232 788023 167930 864045 447822 931561 596451 954283 154260 190553 25441 432459 708817 141844 160001 772708 202918 131530 385030 330649 85189 997906 969986 567224 920977 316335 111633 361562 66507 173920 3442 314929 943725 44274 535264 887774 985799 792534 52490 0 64682 388387 911234 706398 150076 435922 978519 88706 23515 303128 27747 186726 311256 917268 211870 872272 361803 822774 164432 574546 743243 126332 921774 841863 12021 991940 262601 87865 508634 583001 637179 89667 487739 548412 796065 637814 984333 290935 726519 524200 110414 270618 227277 421669 187885 439146 810292 66039 261919 491075 640584 521513
627238 681876 754453 543451 467019 856772 989596 40915 142391 7461 736998 533191 747115 366624 510954 769625 204805 381097 46825 703076 511938 345241 574864 116060 947080 536356 875315 20194 688436 807342 61132 592087 738087 495205 944896 992765 52936 417308 302600 133596 271793 345627 630478 876142 723517 125009 484060 64682 0 133759 78710 363375 145779 70649 625975 233644 95634 208975 387174 185301 696714 935585 497717 334527 436269 788651 577398 476820 899064 848015 704096 837085 552251 659593 163728 618289 921511 171155 775225 959375 304913 853934 322749 967043 440934 948724 717038 536568 674050 104211 238220 887115 39795 252288 221642 992416 40938 315391 469235 456353
847504 775231 550066 217278 580101 958489 200785 173830 594637 298017 39105 244091 218864 410882 296310 91721 541352 487132 765936 831759 210685 882210 933580 886996 84834 622524 314130 524880 944392 809486 719403 670265 110769 771667 8719 769794 251577 767150 750749 979223 853379 63919 160598 159779 778473 967275 59266 388387 133759 0 679757 689683 809789 232007 349275 489869 366647 270786 661023 658223 746512 482287 512156 69261 449329 953090 534336 166367 6009 208385 270577 760580 95500 826724 12867 833493 335491 570156 665235 804725 542860 344991 494407 869001 93349 843682 358869 459995 630819 536243 634570 377330 18529 146725 962942 984209 616166 497277 150575 138526
60464 83984 295750 101469 323 482224 625386 800310 332130 620998 972660 423937 939414 185685 533837 554965 897024 935171 929379 394537 299174 687720 904998 739712 80384 477834 761513 160404 865895 137546 135535 487901 689162 656209 898278 441006 955816 445517 796999 538861 988737 597955 136088 90827 994890 276694 167167 911234 78710 679757 0 222014 937504 899105 833865 280579 428323 183709 616069 998478 848943 420793 57690 193933 431552 926690 287281 791585 285558 263627 422403 338152 898196 316084 356680 561273 279026 340888 693790 292654 7815 832316 514667 945318 247772 864883 225896 192447 48591 358316 707276 897533 779108 764965 607817 727011 691654 411449 518595 493563
422656 728134 764231 756952 670 757617 748975 315938 329606 563253 548789 152363 61881 181384 426470 152525 784370 125847 669936 586584 320137 320588 580798 996693 657648 256688 71241 556838 298100 452854 463434 759427 622715 31116 940116 158559 252981 170620 581547 17461 650259 2329 473919 98209 209651 120384 950480 706398 363375 689683 222014 0 675076 457349 831714 89623 289785 188393 167247 85162 45633 861037 377815 53447 209704 408834 515116 973827 790068 257363 166273 838659 615678 873549 252543 911137 638513 376712 638148 846519 788160 673094 340081 463235 646795 171795 69210 936579 876539 236456 21740 922171 97492 915906 491969 823547 324739 523436 797374 114807
882611 773561 368075 57554 781627 113912 386988 237606 669438 570347 209105 999705 84316 825124 907723 176236 50272 695898 400489 84600 135226 5590 442303 705590 996299 911896 897409 133534 602995 976018 864270 6960 641358 511803 238252 481027 455274 592757 849044 182479 180716 961506 928134 761857 362471 628430 345582 150076 145779 809789 937504 675076 0 780798 963646 469817 912827 353546 238711 823964 508411 615422 978463 354929 403582 167908 211361 383168 814702 899507 452377 267632 776046 688833 289371 214568 302676 205277 222889 126223 46367 746324 923596 677525 43474 403593 147341 472652 273491 386052 296615 781901 517825 791429 653181 921406 475689 864541 304574 806742
473853 700377 611036 575444 118847 651358 732744 372809 151262 456445 847628 556646 193231 731336 171377 61877 461109 825448 138778 246922 662103 153123 704411 476637 187752 811587 450078 843951 38735 219069 217817 220820 405324 262058 284153 596766 430952 664418 216017 344339 88962 5014 82538 829144 515368 282748 36537 435922 70649 232007 899105 457349 780798 0 764048 273302 74374 56445 962134 363744 787364 781162 85372 10252 907384 648091 272928 347331 325615 316401 750923 989308 789052 540765 891711 602019 322665 409535 909799 492197 330941 901839 356738 151866 708581 637137 425167 782954 209933 903653 663049 997296 201166 264773 7548 108549 912863 796827 972231 754829
261792 6042 862534 677970 821414 934668 229069 331671 998259 475176 887278 389890 653576 27151 293045 729318 288221 227284 650763 902310 435875 714592 531671 461000 436545 668815 781802 902184 505198 411522 956723 449463 245619 641780 810887 69475 405628 845912 41263 783074 562538 131415 413983 950753 99911 222173 38664 978519 625975 349275 833865 831714 963646 764048 0 113227 723153 744136 418630 780270 635846 537000 102934 561733 963151 595131 409025 864989 468220 560890 573569 621708 502408 872874 831640 922412 535923 345287 123577 800695 352834 748477 229909 149660 720707 984737 779238 960212 728873 714220 740481 881070 767571 359766 442802 730721 471248 851826 595710 455819
30633 269881 435463 170678 434256 978267 104645 116976 527598 124027 823609 646987 650829 401964 52668 599758 140457 716048 489799 242550 738483 499579 519091 343165 251157 732745 927890 612691 628321 395853 982945 359909 302209 842306 559964 952604 793742 728458 825954 601750 690530 509351 809976 524533 338962 275382 585761 88706 233644 489869 280579 89623 469817 273302 113227 0 929067 685630 77526 947827 558504 425517 870238 610778 770804 510167 927824 639989 774995 157732 306001 495702 658820 601590 972265 387692 315809 712745 785114 599732 588862 227915 330452 60110 596093 442513 32280 525159 644495 109806 989337 719350 51674 375927 330127 338829 886093 257950 495170 177439
807509 913880 517315 649365 584248 616678 636113 376821 773001 445627 879533 810960 116858 271026 842991 71471 938560 891598 900876 752431 911328 858169 578781 956777 313965 866896 338640 47599 443565 733447 75835 345879 974652 599230 228771 134773 676566 43531 363492 707431 533524 109141 547668 703548 711976 528671 214793 23515 95634 366647 428323 289785 912827 74374 723153 929067 0 932033 801170 673140 590852 919111 161756 494896 234920 390852 796361 351003 979714 540627 681454 556175 136719 640319 588454 178230 284813 214611 167566 4162 266285 543492 850640 121465 945936 624941 616634 123375 556973 934155 312866 664176 853266 474622 675423 604537 865473 471783 955539 361538
833349 242080 587374 698471 27316 155032 68556 756932 265326 741487 208908 971228 674562 359690 37912 10957 703343 885559 141267 354832 54867 661013 307492 363309 918340 700952 522828 131091 147247 550746 705151 548793 265977 359199 243992 770479 379184 416738 60862 374641 257891 865815 315551 277215 597349 618787 768208 303128 208975 270786 183709 188393 353546 56445 744136 685630 932033 0 528762 153344 917712 665480 793662 506166 360061 594826 237128 43979 598987 19764 103822 965978 141229 566110 590918 274214 689484 664242 208369 518701 844770 61634 509674 36544 182522 891499 508327 138060 253036 553440 291403 687100 735271 601417 193265 95332 196242 430392 655662 795229
