30
0 12897 985895 376631 887853 72425 319451 211378 915985 49280 892888 108088 370866 9498 555251 678505 737204 11502 637035 253990 96072 295148 438085 567257 100245 728710 508451 930377 20696 948027
12897 0 511601 690267 477276 497495 66897 365128 569919 902699 92857 2256 951978 502097 626695 839196 511594 181946 34052 248797 709799 671086 502787 805871 482586 940871 373127 582830 669580 397929
985895 511601 0 513207 206627 345955 541159 896894 823230 555005 963790 704710 124924 866489 797566 643531 334818 299662 270225 174013 327607 452170 208064 576404 161969 879150 595542 484191 878087 536412
376631 690267 513207 0 373669 460916 722343 771597 490474 928970 117551 31632 342215 457133 586637 822356 161842 227912 688844 475759 871442 540014 291773 658018 714026 619379 110188 922090 195782 788508
887853 477276 206627 373669 0 317591 791323 789050 195677 844086 162718 172944 82781 934314 663418 528102 568216 211401 870316 541700 798037 692671 703541 542300 897867 695652 930093 437880 987424 588111
72425 497495 345955 460916 317591 0 668257 606802 698298 106698 318936 3157 940640 110258 792206 136316 470696 471275 825612 553476 921940 489029 597929 490155 700429 984596 548207 14818 677266 768099
319451 66897 541159 722343 791323 668257 0 73469 91484 463750 3562 45715 451173 591672 713972 574327 806321 337021 893262 325829 277661 519871 118034 930328 990566 589308 755939 60393 27599 761319
211378 365128 896894 771597 789050 606802 73469 0 658321 517753 978100 159268 65959 992917 836534 350410 66385 444369 814159 586298 6436 781684 177969 720407 356010 500641 573779 249271 826469 851439
915985 569919 823230 490474 195677 698298 91484 658321 0 769141 460854 781767 276059 566513 537705 336451 594111 299024 511124 111864 277123 670391 694174 786391 23276 44583 369127 983997 375094 955425
49280 902699 555005 928970 844086 106698 463750 517753 769141 0 990432 156777 649745 227190 512786 150386 800968 278408 976854 168759 47548 954060 950525 839958 520572 488229 692761 114683 303604 720236
892888 92857 963790 117551 162718 318936 3562 978100 460854 990432 0 742898 97078 906978 437071 399820 446606 998006 768947 430602 889451 240723 937385 46227 890467 680926 559012 557204 998245 353771
108088 2256 704710 31632 172944 3157 45715 159268 781767 156777 742898 0 50410 167003 401318 4469 117527 757628 525040 122108 450388 639722 425711 170623 382619 39141 77600 336042 438960 40557
370866 951978 124924 342215 82781 940640 451173 65959 276059 649745 97078 50410 0 850399 724258 471158 739849 964980 924894 786075 855447 605819 861438 412650 604064 215208 463059 771066 132877 983879
9498 502097 866489 457133 934314 110258 591672 992917 566513 227190 906978 167003 850399 0 888593 406856 508919 527052 857243 148640 469114 544217 47611 508254 138169 900004 463566 178725 750402 187823
555251 626695 797566 586637 663418 792206 713972 836534 537705 512786 437071 401318 724258 888593 0 166235 6602 152803 91128 792676 524601 696947 170465 937250 817362 902024 916661 104779 551252 900539
678505 839196 643531 822356 528102 136316 574327 350410 336451 150386 399820 4469 471158 406856 166235 0 509723 958108 925809 36774 815350 590801 505888 875919 154763 14141 14087 54766 477706 709163
737204 511594 334818 161842 568216 470696 806321 66385 594111 800968 446606 117527 739849 508919 6602 509723 0 321519 181881 875397 328120 334683 966525 637147 859283 179823 807611 312884 513536 225986
11502 181946 299662 227912 211401 471275 337021 444369 299024 278408 998006 757628 964980 527052 152803 958108 321519 0 745896 618314 777237 162787 128037 735344 88595 164810 550694 195747 670697 942964
637035 34052 270225 688844 870316 825612 893262 814159 511124 976854 768947 525040 924894 857243 91128 925809 181881 745896 0 350509 201190 957050 405274 195247 666212 726792 377127 57961 571263 228161
253990 248797 174013 475759 541700 553476 325829 586298 111864 168759 430602 122108 786075 148640 792676 36774 875397 618314 350509 0 24485 208409 603795 720659 532371 433031 750546 758356 178926 368859
96072 709799 327607 871442 798037 921940 277661 6436 277123 47548 889451 450388 855447 469114 524601 815350 328120 777237 201190 24485 0 535593 858064 13247 270936 463011 178057 337981 658757 365105
295148 671086 452170 540014 692671 489029 519871 781684 670391 954060 240723 639722 605819 544217 696947 590801 334683 162787 957050 208409 535593 0 797296 9266 82646 754345 930891 794245 936909 174035
438085 502787 208064 291773 703541 597929 118034 177969 694174 950525 937385 425711 861438 47611 170465 505888 966525 128037 405274 603795 858064 797296 0 687723 994869 745297 915884 535705 953706 36030
567257 805871 576404 658018 542300 490155 930328 720407 786391 839958 46227 170623 412650 508254 937250 875919 637147 735344 195247 720659 13247 9266 687723 0 772715 486076 469060 523260 760784 647986
100245 482586 161969 714026 897867 700429 990566 356010 23276 520572 890467 382619 604064 138169 817362 154763 859283 88595 666212 532371 270936 82646 994869 772715 0 408470 296376 22401 421717 83663
728710 940871 879150 619379 695652 984596 589308 500641 44583 488229 680926 39141 215208 900004 902024 14141 179823 164810 726792 433031 463011 754345 745297 486076 408470 0 485411 116125 937996 144168
508451 373127 595542 110188 930093 548207 755939 573779 369127 692761 559012 77600 463059 463566 916661 14087 807611 550694 377127 750546 178057 930891 915884 469060 296376 485411 0 997581 735291 669785
930377 582830 484191 922090 437880 14818 60393 249271 983997 114683 557204 336042 771066 178725 104779 54766 312884 195747 57961 758356 337981 794245 535705 523260 22401 116125 997581 0 596579 5988
20696 669580 878087 195782 987424 677266 27599 826469 375094 303604 998245 438960 132877 750402 551252 477706 513536 670697 571263 178926 658757 936909 953706 760784 421717 937996 735291 596579 0 117027
948027 397929 536412 788508 588111 768099 761319 851439 955425 720236 353771 40557 983879 187823 900539 709163 225986 942964 228161 368859 365105 174035 36030 647986 83663 144168 669785 5988 117027 0
142896 91061 78545 54116 152710 110780 189820 106415 146810 162534 108842 132221 2145 69625 180206 126966 82352 118959 148682 166015 4369 181158 20362 64888 178739 72004 51024 175317 77991 190823
